350
0
0.023496806714176588
0.02857142857142857
0.23253911893133267
0.05714285714285714
-0.19743578085360247
0.08571428571428572
-0.3887007161941382
0.11428571428571428
0.25624488432952175
0.14285714285714285
0.8571055720826314
0.17142857142857143
0.5897569360614946
0.2
-0.37319230862085806
0.2285714285714286
-0.0573988189813909
0.2571428571428572
0.0723604951000584
0.28571428571428575
0.19385546699260353
0.31428571428571433
0.27334535515851666
0.3428571428571429
0.9716516917046838
0.3714285714285715
0.11572943798449681
0.4000000000000001
0.20737671373793137
0.42857142857142866
0.35326853664435204
0.45714285714285724
1.1543639682023157
0.4857142857142858
0.33509784215050636
0.5142857142857143
0.015850594846730348
0.5428571428571429
0.6893630374739302
0.5714285714285715
1.1202941019565569
0.6000000000000001
0.8526595336484691
0.6285714285714287
0.6677502093617533
0.6571428571428573
0.9295721945612133
0.6857142857142858
0.34145426901191056
0.7142857142857144
0.7123913223404319
0.742857142857143
0.4201164664594661
0.7714285714285716
1.487870622400828
0.8000000000000002
1.8023672415407808
0.8285714285714287
0.21092670132691682
0.8571428571428573
-0.37101434305763425
0.8857142857142859
1.1976581782326665
0.9142857142857145
0.3610813748875886
0.9428571428571431
0.6635072854259432
0.9714285714285716
0.138847961773935
1.0000000000000002
0.8952146712113778
1.0285714285714287
1.1128940462713386
1.0571428571428572
1.2327667009014018
1.0857142857142856
0.25771225422576305
1.114285714285714
0.3619865407959696
1.1428571428571426
1.2286246820203317
1.171428571428571
1.1268744808455078
1.1999999999999995
0.6093115166805407
1.228571428571428
1.638762745757897
1.2571428571428565
-0.17953217994568926
1.285714285714285
1.7001492529716151
1.3142857142857134
1.1169297117605006
1.3428571428571419
0.7483968077498013
1.3714285714285703
1.5465369504680824
1.3999999999999988
0.316879845214151
1.4285714285714273
1.3340054918896762
1.4571428571428557
1.0805720035748947
1.4857142857142842
0.9543592400546699
1.5142857142857127
0.40666581288156145
1.5428571428571412
0.13177018736037793
1.5714285714285696
1.330049694529694
1.599999999999998
0.731486331260907
1.6285714285714266
1.4173008974436496
1.657142857142855
1.39960668485945
1.6857142857142835
1.2922832543929874
1.714285714285712
1.5152751766462296
1.7428571428571404
0.46562966434061015
1.771428571428569
0.6926180625148035
1.7999999999999974
1.1936821494882808
1.8285714285714258
0.7561281479614153
1.8571428571428543
0.8614356321721842
1.8857142857142828
1.1715560052858616
1.9142857142857113
0.2937675596437035
1.9428571428571397
1.4177925324769218
1.9714285714285682
1.3583181781291787
1.9999999999999967
1.4444712621889366
2.0285714285714254
0.6416968682471429
2.057142857142854
-0.14822359769185023
2.0857142857142823
0.6441945706841032
2.1142857142857108
1.5446891967225553
2.1428571428571392
2.20394146980845
2.1714285714285677
1.5516196895785348
2.199999999999996
0.790525422049525
2.2285714285714247
-0.7499046640577002
2.257142857142853
0.23131677691643915
2.2857142857142816
0.7577556821437602
2.31428571428571
0.9301642229433796
2.3428571428571385
1.4904096423106652
2.371428571428567
0.948999578794322
2.3999999999999955
0.5020604975485684
2.428571428571424
1.0288209361819542
2.4571428571428524
1.0720086322650146
2.485714285714281
0.03872204525002387
2.5142857142857093
0.25618420605060505
2.542857142857138
1.0453929526246935
2.5714285714285663
0.730272843920251
2.5999999999999948
0.2953416142248865
2.6285714285714232
0.28228809865865917
2.6571428571428517
0.49982360091136613
2.68571428571428
0.19182479463538213
2.7142857142857086
0.9116350202598467
2.742857142857137
0.4933402087599681
2.7714285714285656
0.36377413332487274
2.799999999999994
1.2539625729049038
2.8285714285714225
0.3557743071286294
2.857142857142851
-0.8783051271491648
2.8857142857142795
0.43360563549958175
2.914285714285708
-0.9026021599413446
2.9428571428571364
-0.12718240268142464
2.971428571428565
0.23414033591377617
2.9999999999999933
0.30951959845985444
3.028571428571422
-0.009194279868386779
3.0571428571428503
0.41938193339147684
3.0857142857142787
-0.0030885343409456784
3.114285714285707
-0.14696521672021062
3.1428571428571357
1.2478698038433629
3.171428571428564
-0.2879281423238424
3.1999999999999926
0.40462720330373814
3.228571428571421
-1.031560000986378
3.2571428571428496
0.38367392858552135
3.285714285714278
0.16148918813516105
3.3142857142857065
-0.07875522654642632
3.342857142857135
-0.1623085152030426
3.3714285714285634
-0.5849773424232126
3.399999999999992
0.17050908878789228
3.4285714285714204
0.08439033632236054
3.457142857142849
-0.7619780813754667
3.4857142857142773
1.1929314137758538
3.514285714285706
-0.7634330595469194
3.5428571428571343
-0.21032998814326082
3.5714285714285627
-0.7945565075459975
3.599999999999991
-0.2950768797596375
3.6285714285714197
-0.5272160161107349
3.657142857142848
-0.31223240919151096
3.6857142857142766
-0.9645454323146327
3.714285714285705
-0.9897766679056681
3.7428571428571336
-1.7074320855570138
3.771428571428562
-0.09078508436767135
3.7999999999999905
-1.0175578797416152
3.828571428571419
-0.19183988665043356
3.8571428571428474
-0.751074474866633
3.885714285714276
-0.7213644319127276
3.9142857142857044
-0.7903314442201868
3.942857142857133
-0.19179530189947547
3.9714285714285613
-0.7671306271582399
3.99999999999999
-0.894516980616763
4.028571428571419
-0.7411756195459236
4.057142857142847
-0.9622130502793838
4.085714285714276
-0.12172348141219913
4.114285714285704
-1.7801788030813097
4.142857142857133
-0.4305915700635545
4.171428571428561
-1.2415231871537438
4.1999999999999895
-0.8731153281630581
4.228571428571418
-0.6157928841523664
4.2571428571428465
-0.6907834570259905
4.285714285714275
-1.0501261743131631
4.314285714285703
0.23857830314723882
4.342857142857132
-0.7830116918235674
4.37142857142856
-1.6823345807458858
4.399999999999989
-0.19098542487417736
4.428571428571417
-1.3558087373689043
4.457142857142846
-0.8301007183937884
4.485714285714274
-1.2788575570869134
4.514285714285703
-1.6937994411440003
4.542857142857131
-0.8000833849627107
4.57142857142856
-1.1206698245461237
4.599999999999988
-0.7215313522757076
4.628571428571417
-0.6173047597822767
4.657142857142845
-1.3833764464960772
4.6857142857142735
-0.47785102654708256
4.714285714285702
-1.3752951113764522
4.7428571428571304
-1.8758522033583998
4.771428571428559
-0.9587755324814873
4.799999999999987
-0.7533000418469328
4.828571428571416
-1.8923324291954593
4.857142857142844
-1.5213462907366253
4.885714285714273
-0.7283843576134499
4.914285714285701
-0.06166558539166078
4.94285714285713
-1.2040977215562703
4.971428571428558
-0.9574686984836849
4.999999999999987
-1.1135396233731623
5.028571428571415
-1.2592359203445074
5.057142857142844
-1.194570962340853
5.085714285714272
-0.3990525085065525
5.114285714285701
-0.5203934955499743
5.142857142857129
-0.6071355853163756
5.1714285714285575
-0.8492178482746657
5.199999999999986
-0.7116821821945305
5.228571428571414
0.26573989635433004
5.257142857142843
-0.9987226000919665
5.285714285714271
-0.5914894979331453
5.3142857142857
-0.9535438679474364
5.342857142857128
0.3907715633708544
5.371428571428557
-1.1527729097660555
5.399999999999985
-1.2060137041258598
5.428571428571414
-1.9913643319030148
5.457142857142842
-0.722353592858313
5.485714285714271
-0.4655669840257599
5.514285714285699
-0.3343586539005843
5.542857142857128
-1.5935702035971295
5.571428571428556
0.21442097884258826
5.5999999999999845
-0.17351177607140938
5.628571428571413
-0.9359593786163503
5.6571428571428415
-0.8149062056094525
5.68571428571427
0.2746696026504928
5.714285714285698
-0.4654762046951242
5.742857142857127
0.49554877584185886
5.771428571428555
0.6897877761065918
5.799999999999984
-0.15409884576556876
5.828571428571412
-0.17264471359934241
5.857142857142841
-0.6695070230851687
5.885714285714269
-0.14374434399946592
5.914285714285698
-0.6296279722049063
5.942857142857126
0.40008220271078937
5.971428571428555
-0.5782489478593568
5.999999999999983
-0.49445345839283816
6.028571428571412
-0.39756345056169684
6.05714285714284
-0.7600649464186974
6.0857142857142685
-0.16677743637775683
6.114285714285697
0.09116143175204233
6.1428571428571255
-0.8290769344751984
6.171428571428554
0.3190497226728771
6.199999999999982
-0.36540066906615254
6.228571428571411
0.8784575684433471
6.257142857142839
0.794418376554736
6.285714285714268
-0.1457205016308358
6.314285714285696
0.6260448922670947
6.342857142857125
-0.32438088501482565
6.371428571428553
-0.13810386145085152
6.399999999999982
0.3463632167241648
6.42857142857141
0.1501628221217906
6.457142857142839
0.26433234306204517
6.485714285714267
0.21240510041786112
6.514285714285696
0.4974912893044304
6.542857142857124
0.9483265565026008
6.5714285714285525
0.7596530963113388
6.599999999999981
0.6841219055957768
6.6285714285714095
0.5884792139680116
6.657142857142838
-0.6104736933624189
6.685714285714266
1.7935182423708174
6.714285714285695
-0.153618609045373
6.742857142857123
0.7669121147114429
6.771428571428552
0.6977690508141592
6.79999999999998
0.05510243593112335
6.828571428571409
0.6236332001328443
6.857142857142837
0.6279957648692176
6.885714285714266
-0.1799600765450846
6.914285714285694
1.7115605731642551
6.942857142857123
0.5124046799587018
6.971428571428551
0.42098269017717566
6.99999999999998
-0.18493007387803473
7.028571428571408
-0.11488132685217467
7.0571428571428365
0.6537886278774497
7.085714285714265
1.568096159598694
7.1142857142856935
-0.20199290964676975
7.142857142857122
0.4543646345548632
7.17142857142855
0.5654430010563303
7.199999999999979
0.8076593119492147
7.228571428571407
0.6250527055254269
7.257142857142836
0.9227844197440661
7.285714285714264
0.27007107396910146
7.314285714285693
1.4752385484869532
7.342857142857121
0.8952838153058917
7.37142857142855
1.2959703096856166
7.399999999999978
0.3422414729051737
7.428571428571407
1.3962928529735879
7.457142857142835
1.8167755563478465
7.485714285714264
1.7666823117586388
7.514285714285692
0.18291176342327176
7.5428571428571205
1.2959506153952904
7.571428571428549
0.4838878615835836
7.599999999999977
1.1186649904780623
7.628571428571406
1.1559525147514558
7.657142857142834
0.5838436040904276
7.685714285714263
2.490641953402471
7.714285714285691
1.1258467688404652
7.74285714285712
0.7723304825249122
7.771428571428548
0.846441349197095
7.799999999999977
1.2392003844984394
7.828571428571405
1.4198850400791607
7.857142857142834
1.206562362299107
7.885714285714262
1.5143405631479339
7.914285714285691
1.4277413015869573
7.942857142857119
0.6496807496575002
7.9714285714285475
1.5167400610961481
7.999999999999976
1.0248731345529782
8.028571428571405
0.4175886453510035
8.057142857142834
1.1663938944838494
8.085714285714262
1.345785244697618
8.11428571428569
1.7463692179979458
8.14285714285712
1.0810059702973331
8.171428571428548
0.4568323905682363
8.199999999999976
0.5847923762593741
8.228571428571405
0.586193380160234
8.257142857142833
0.6850975052052632
8.285714285714262
0.5554329962003999
8.31428571428569
1.5048407023603496
8.342857142857119
1.3067511463195602
8.371428571428547
0.849906809154853
8.399999999999975
1.0193473043052084
8.428571428571404
0.5856897152949694
8.457142857142832
1.4243492612334805
8.485714285714261
0.42424785699923767
8.51428571428569
-0.24160111984351873
8.542857142857118
0.6450619810793026
8.571428571428546
0.7069152633491563
8.599999999999975
0.648486918477008
8.628571428571403
1.1042897902313442
8.657142857142832
0.7030700006434295
8.68571428571426
0.9077569583045588
8.714285714285689
0.7330415870449363
8.742857142857117
0.1664984839260803
8.771428571428546
0.7521000972648542
8.799999999999974
0.5774611210762315
8.828571428571403
0.8179094665376117
8.857142857142831
-0.004101194749787762
8.88571428571426
0.6524613686284919
8.914285714285688
0.1397695470545402
8.942857142857116
1.4342254075218654
8.971428571428545
0.0173602806199874
8.999999999999973
-0.4976187395758027
9.028571428571402
0.5760664727420743
9.05714285714283
0.6170869077515981
9.085714285714259
0.5878147668225095
9.114285714285687
0.22274910178920668
9.142857142857116
1.0767720813528108
9.171428571428544
0.437247733901553
9.199999999999973
1.0382941722886792
9.228571428571401
-0.5108243877099841
9.25714285714283
0.2231869961635767
9.285714285714258
-0.4780046184783576
9.314285714285687
-0.5648294649609856
9.342857142857115
-0.05715757309213999
9.371428571428543
1.285901356178695
9.399999999999972
1.1351568138663812
9.4285714285714
-1.1229239353229634
9.457142857142829
-0.11312190175290587
9.485714285714257
-0.6573099263534562
9.514285714285686
0.8239782829880786
9.542857142857114
-0.3457391758997013
9.571428571428543
-0.7164064774988482
9.599999999999971
-0.4471668235028377
9.6285714285714
0.49494174587595907
9.657142857142828
-0.0013845381984069483
9.685714285714257
0.5226256106159524
9.714285714285685
-0.37990666371265175
9.742857142857114
0.49044696319663683
9.771428571428542
-0.09491598748858485
9.79999999999997
-0.28278571990566803
9.828571428571399
-0.2797762144416251
9.857142857142827
-0.6732069679938353
9.885714285714256
-1.0447584867157902
9.914285714285684
0.09739782552630699
9.942857142857113
0.0806068970527612
9.971428571428541
-0.5613924913035323
